TEMPO2: POLYCO TEMPO1 emulation
B0329+54  
14-Apr-18
143000.00  
58222.60416666660000117872
26.7642385728            
0.5411995 
-9.077 
1420766367.064851013012230
1.39954153871961036425
aro  
300  
12   
600.000   
0.000000 0.00000
-1.304198070597721113122438498649e-09
-4.532555353632568311732578547613e-03
-5.492515391599922559462141415010e-09
-1.586699702962652854373150602575e-10
5.851509155809207394681299067779e-14
1.464364941314901349604874976917e-16
-5.407126036157360513087631107519e-20
3.759754352864980980854852971337e-22
6.442976388935077100272548998171e-25
-1.634056133448820501009370708195e-26
-7.872470923733413540379739637762e-30
2.223291750112758975646984114686e-31
TEMPO2: POLYCO TEMPO1 emulation
B0329+54  
14-Apr-18
193000.00  
58222.81249999990000176808
26.7642389896            
0.5447687 
-9.279 
1420791557.448798907571472
1.39954153871961036425
aro  
300  
12   
600.000   
0.000000 0.00000
-9.771358877442452701392490432841e-11
-4.567107415920267838990102404056e-03
-8.344752935360078748807370088243e-08
1.108948700077461937927354615207e-11
1.828680347576361470872860257782e-13
-6.967622758100521417141156078396e-18
-1.197882698766754800771499317097e-19
-2.401647575313564541069802677038e-22
1.866505501320520739138199113313e-25
7.479234731988534885785173560170e-27
-2.429645429765975926402737642581e-30
-8.156077153257818438825727748190e-32
TEMPO2: POLYCO TEMPO1 emulation
B0329+54  
15-Apr-18
3000.00    
58223.02083333319999880473
26.7642394035            
0.5470660 
-9.065 
1420816747.820523321395740
1.39954153871961036425
aro  
300  
12   
600.000   
0.000000 0.00000
1.263025109003221577832950508688e-09
-4.596464352952670775696571246055e-03
9.294841484245857269733347264546e-09
1.645739933662984323094134181613e-10
3.491047696897160389434274668863e-14
-1.645565316927818137296582979442e-16
-4.502664911652886334541765481081e-21
6.817426020574142272754359924157e-22
-8.307671880524162590268806159488e-25
-2.289303224835323604425141677371e-26
1.337110641518327260936475024651e-29
3.129383860720460188061757274167e-31
TEMPO2: POLYCO TEMPO1 emulation
B0329+54  
15-Apr-18
53000.00   
58223.22916666660000117872
26.7642398240            
0.5439567 
-9.120 
1420841938.194469096837565
1.39954153871961036425
aro  
300  
12   
600.000   
0.000000 0.00000
-7.165098030811600782457454483776e-10
-4.549008554607501317900347453591e-03
1.347607087693412160795330598866e-07
7.307169118714888417834148308000e-11
-1.648864257093852604883130933300e-13
-6.851946898986057403562151768607e-17
9.725515421905529624068054487762e-20
-1.191153603286175672329777129453e-22
2.706460951427043717595774354640e-25
6.662312402414791031112846720852e-27
-3.462082305899062639514962037496e-30
-1.033062112149033200093653114199e-31
TEMPO2: POLYCO TEMPO1 emulation
B0329+54  
15-Apr-18
143000.00  
58223.60416666660000117872
26.7642405968            
0.5305257 
-9.106 
1420887280.920192246674560
1.39954153871961036425
aro  
300  
12   
600.000   
0.000000 0.00000
-1.552395770036252546150029336253e-10
-4.442676346389501093651447317587e-03
-6.880148714496498776715091798670e-09
-1.577831684784558339623777546212e-10
6.140205943548608006442115364026e-14
1.555157168221042818619816579164e-16
-4.605708581744641068670634521569e-20
-4.642460312307546202893864302896e-22
2.140474852983561534755295125101e-25
1.552085114212065254037569127802e-26
-1.141644445259566910606602614438e-30
-2.244547851730987703985653807397e-31
TEMPO2: POLYCO TEMPO1 emulation
B0329+54  
15-Apr-18
193000.00  
58223.81249999990000176808
26.7642410208            
0.5340748 
-9.166 
1420912471.331024912418798
1.39954153871961036425
aro  
300  
12   
600.000   
0.000000 0.00000
2.008732793641769529316941367281e-10
-4.477547418739723774830087344931e-03
-8.282408752509548776119610135822e-08
1.398054714506861135669761695083e-11
1.826479236642217418738050828688e-13
-1.282380139579190479168093181693e-17
-1.222469721682540077093452265710e-19
-4.175701165375491074561269782828e-23
3.905085059439657962267343760963e-25
2.222219833493240610832774642698e-27
-7.172320447358037229264675260556e-30
-3.657733500733744419316599092091e-32
TEMPO2: POLYCO TEMPO1 emulation
B0329+54  
16-Apr-18
3000.00    
58224.02083333319999880473
26.7642414419            
0.5362883 
-9.097 
1420937661.729742760071531
1.39954153871961036425
aro  
300  
12   
600.000   
0.000000 0.00000
-1.304216152054192088376985327741e-09
-4.505883479077055882540197521285e-03
1.171132120164741445691451540768e-08
1.650722710815280774555396404599e-10
3.200666752250279437774314063079e-14
-1.586524824055184278091559543891e-16
-3.250354893750257383713435612714e-20
6.025056344364579380107563186856e-23
7.356499051507156683069005879605e-25
2.887543533567761473908118486740e-27
-1.357600017896466138220743300087e-29
-7.035891058624573993746347822720e-32
TEMPO2: POLYCO TEMPO1 emulation
B0329+54  
16-Apr-18
53000.00   
58224.22916666660000117872
26.7642418696            
0.5330542 
-9.198 
1420962852.131069542258047
1.39954153871961036425
aro  
300  
12   
600.000   
0.000000 0.00000
-2.864485141614833739812095991795e-10
-4.457162612775697318939012621375e-03
1.360773283154323907523307141963e-07
7.044135438235858736523859817972e-11
-1.663630946858182377279996065333e-13
-6.322520104510807973778817167190e-17
1.093009956113472770042652972007e-19
-2.646818737937528493144482032519e-22
-8.758458509312661793333417170792e-26
8.968343404028086107567143167736e-27
-5.969865642781489151451897086456e-32
-9.254826575332258332943311711997e-32
