TEMPO2: POLYCO TEMPO1 emulation
B0329+54  
 5-Dec-18
230000.00  
58457.95833333330000058936
26.7641522220            
0.1225898 
-9.687 
1449226485.191739983158186
1.39954153871961036425
aro  
300  
12   
600.000   
0.000000 0.00000
-6.986451965646969770136129329607e-11
-1.017487389614464877977198780257e-03
-7.768566283325594234934083228997e-08
-1.592966747361703490224742048491e-10
5.665971967735398803959487864031e-14
1.530628688656841655664426182660e-16
-3.550892330799691144881282318172e-20
-1.002782851061522824328517780946e-22
-1.278707167546717847479511860055e-26
3.628031614093364863662674522047e-28
3.736280436819180493743227247919e-31
5.930190868555223376399270468672e-33
TEMPO2: POLYCO TEMPO1 emulation
B0329+54  
 6-Dec-18
40000.00   
58458.16666666660000117872
26.7641522308            
0.1313875 
-9.630 
1449251676.623683118377812
1.39954153871961036425
aro  
300  
12   
600.000   
0.000000 0.00000
-2.813929658761896900271218258105e-10
-1.095663558063186450489723028530e-03
-1.568388897037946979510028152996e-07
9.406194800156049756454170376230e-12
1.829388224517229374295500850731e-13
-8.474064431942241028679923316300e-18
-1.161520482577055632951162120127e-19
-3.963328825141055174880285893436e-23
1.757266507444361892453400921187e-26
1.710181253288468317306175385120e-27
1.445404965171855043336867453778e-31
-2.455884289531027223716539264780e-32
TEMPO2: POLYCO TEMPO1 emulation
B0329+54  
 6-Dec-18
90000.00   
58458.37499999990000176808
26.7641522418            
0.1389538 
-9.561 
1449276868.030193859594874
1.39954153871961036425
aro  
300  
12   
600.000   
0.000000 0.00000
1.868516392212643538494384193305e-10
-1.169446092697868466873852835372e-03
-6.520023245308317646801011381277e-08
1.641302586800356438011833771633e-10
3.677006427400616414205402064320e-14
-1.575017148488672354614039435567e-16
-1.865744708824706656971032677267e-20
8.482542087999583431833294821974e-23
-2.900000815348839115591578203471e-25
3.573572190127186515108488200260e-28
5.581183469030287428660411988460e-30
-1.736041622728182729910275404174e-32
TEMPO2: POLYCO TEMPO1 emulation
B0329+54  
 6-Dec-18
140000.00  
58458.58333333330000058936
26.7641522539            
0.1411416 
-9.648 
1449302059.425543433986604
1.39954153871961036425
aro  
300  
12   
600.000   
0.000000 0.00000
3.269387576569558741485053282583e-10
-1.166614773180379969348731687868e-03
6.078149237723667934502050055950e-08
7.443830941204545120119255069168e-11
-1.641477578380838887873269981499e-13
-7.148024760951005381450843439192e-17
1.018820069804708599117956064394e-19
4.244385527233006745627356862044e-23
9.218314984054496459679034013301e-26
-1.742062495835804863922117942591e-29
-1.774280351151305183308921917286e-30
-4.063065332582078219575847324252e-33
TEMPO2: POLYCO TEMPO1 emulation
B0329+54  
 6-Dec-18
230000.00  
58458.95833333330000058936
26.7641522721            
0.1371029 
-9.569 
1449347403.956401171511970
1.39954153871961036425
aro  
300  
12   
600.000   
0.000000 0.00000
4.711331228321494203582168319722e-10
-1.139103963808715127156793436511e-03
-7.945500852244683611994543774264e-08
-1.583689480209330005362045043898e-10
5.958415349873084739683747588331e-14
1.514523885780956480139868527570e-16
-3.102723121755489247415820431197e-20
-8.394450009940174057257124819085e-23
-2.672005406477397042990712875400e-25
1.326266018687392059342564503470e-27
3.840123220159440795882946903388e-30
-2.773882810465003272069695686676e-32
TEMPO2: POLYCO TEMPO1 emulation
B0329+54  
 7-Dec-18
40000.00   
58459.16666666660000117872
26.7641522819            
0.1459075 
-9.610 
1449372595.351745753199793
1.39954153871961036425
aro  
300  
12   
600.000   
0.000000 0.00000
-5.713219984609302414067105724271e-10
-1.217830711515489552942867164734e-03
-1.566015861059107204298578519436e-07
1.228802997531145573248742026647e-11
1.826876585833214698923697797603e-13
-1.140363758655629671000835392965e-17
-1.114688844185555170014275230890e-19
-1.543638795513877783382582637603e-23
-1.827662543297375016921099846683e-25
5.994951588313796850941980307174e-28
3.491380110219731610516142046035e-30
-7.053623033810190741991949748088e-33
TEMPO2: POLYCO TEMPO1 emulation
B0329+54  
 7-Dec-18
90000.00   
58459.37499999990000176808
26.7641522939            
0.1534166 
-9.575 
1449397786.721697497647256
1.39954153871961036425
aro  
300  
12   
600.000   
0.000000 0.00000
-3.394447740800739227564133959625e-10
-1.290818566575400236340185776071e-03
-6.314701409687307543493670709312e-08
1.646875780982283961027587302600e-10
3.370965825551253482214339970486e-14
-1.576610264203603144367665055308e-16
-2.517706888318286257216759091425e-20
5.478607830215387564318689276330e-23
2.281473071559099897682269632296e-25
1.341632941650058053457932441546e-27
-4.058934904176708547476730111279e-30
-2.724261706288426086386491039193e-32
TEMPO2: POLYCO TEMPO1 emulation
B0329+54  
 7-Dec-18
140000.00  
58459.58333333330000058936
26.7641523070            
0.1555054 
-9.671 
1449422978.080810306826606
1.39954153871961036425
aro  
300  
12   
600.000   
0.000000 0.00000
9.840889855971139606747102868134e-11
-1.286931142710496357636457771725e-03
6.176240379001924201917957099634e-08
7.184530048005571037246862955409e-11
-1.654908511298172360519427062629e-13
-6.816645644475490227461381555223e-17
9.926730147298305756847652836348e-20
-1.547543904031130009630387226013e-23
2.715904738597185730039558904023e-25
1.619202007854164267848706648567e-27
-5.136682521662361226418566193687e-30
-1.896875387133924219652971263154e-32
