TEMPO2: POLYCO TEMPO1 emulation
B0329+54  
23-Apr-18
140000.00  
58231.58333333330000058936
26.7642579089            
0.4396779 
-9.225 
1421852077.558595513924956
1.39954153871961036425
aro  
300  
12   
600.000   
0.000000 0.00000
-2.675081453989044875931230336313e-11
-3.679719094085286388004426292100e-03
-4.504247562388499513126951878368e-09
-1.574602470905896953363897840993e-10
6.246601706609476051124406401534e-14
1.526580440020602295848690029442e-16
-4.597095898194672123041535079326e-20
-1.729182345357681358978693164371e-22
3.340216244747081258401079199451e-25
1.900193071761268785307403833999e-27
-5.505004925649464802396887800657e-30
-5.291446899648972120570828326086e-34
TEMPO2: POLYCO TEMPO1 emulation
B0329+54  
23-Apr-18
190000.00  
58231.79166666660000117872
26.7642583838            
0.4430143 
-9.224 
1421877268.198545322986320
1.39954153871961036425
aro  
300  
12   
600.000   
0.000000 0.00000
9.026358080486174960573291653487e-10
-3.712983498196263310523257471056e-03
-7.973529297285575295641941607738e-08
1.501547177425736835195013566096e-11
1.825366130207182252617922936122e-13
-1.669370682371579227870752040086e-17
-1.150804607724162391347479716346e-19
2.502909171920794970961706451542e-22
-1.297754990274805452831519644528e-25
-1.091526443198236679010722756702e-26
3.795324237047534323378795644388e-30
1.762682379690078751905864159977e-31
TEMPO2: POLYCO TEMPO1 emulation
B0329+54  
23-Apr-18
0.00       
58231.99999999990000176808
26.7642588533            
0.4449942 
-9.212 
1421902458.826934848329984
1.39954153871961036425
aro  
300  
12   
600.000   
0.000000 0.00000
-1.158561595681293198189306271201e-09
-3.739238627183425208802490503045e-03
1.542329681185421717827018056093e-08
1.652235286465215436996842750404e-10
3.080099867038376897917104381712e-14
-1.613458028593586598040924712906e-16
-2.219163732566828470054360150413e-20
3.789305751962998576509453307444e-22
1.928110235518106928244641004687e-25
-1.299080666103194566786288314345e-26
-3.596829241971790215005545684319e-30
2.017414994180182334794338524600e-31
TEMPO2: POLYCO TEMPO1 emulation
B0329+54  
24-Apr-18
50000.00   
58232.20833333330000058936
26.7642593285            
0.4415137 
-9.282 
1421927649.458583881263621
1.39954153871961036425
aro  
300  
12   
600.000   
0.000000 0.00000
9.475832675560945053292935535971e-11
-3.688371958465922753004490042272e-03
1.393396381519693809336806501043e-07
6.944069393718118959214896455599e-11
-1.667902863565148379515135134459e-13
-6.393874861296034483841964824691e-17
1.049139287076173390016362496394e-19
-1.316699638783237166236775242519e-22
6.269876634810054747413364501642e-26
4.458338567839461970508819302147e-27
-1.845130801235789186053148562921e-30
-3.926887278750010893443798875717e-32
TEMPO2: POLYCO TEMPO1 emulation
B0329+54  
24-Apr-18
140000.00  
58232.58333333330000058936
26.7642602029            
0.4278216 
-9.300 
1421972992.649824249092489
1.39954153871961036425
aro  
300  
12   
600.000   
0.000000 0.00000
2.072980265983686340589486288982e-10
-3.579924269987317001122866877774e-03
-6.066138430707614709090541736042e-09
-1.564636106830360739732206169624e-10
6.539321664127858256246179894686e-14
1.529771154564808119852831480565e-16
-4.313506967643441165799020461002e-20
-3.018854413885242035931414859501e-22
7.523042244292873132509183657386e-26
7.478878256895209438750212983740e-27
-1.151048517190201760046155837402e-30
-8.680345687131878724859438197071e-32
TEMPO2: POLYCO TEMPO1 emulation
B0329+54  
24-Apr-18
190000.00  
58232.79166666660000117872
26.7642606824            
0.4311504 
-9.104 
1421998183.319619326153770
1.39954153871961036425
aro  
300  
12   
600.000   
0.000000 0.00000
-1.075777101528744840149356964965e-09
-3.613599562166054803145269578440e-03
-7.925468081693902700033728632430e-08
1.790734734126962765915817298210e-11
1.822663543390886126310781319560e-13
-2.436329356470343320511324287069e-17
-1.248930823431313594008332605299e-19
6.211506117782725938686535396866e-22
5.006465029299101358135906674884e-25
-2.310304612132644056158984562476e-26
-8.402768643799375404857221891972e-30
3.227902774349851815785112011251e-31
TEMPO2: POLYCO TEMPO1 emulation
B0329+54  
24-Apr-18
0.00       
58232.99999999990000176808
26.7642611562            
0.4330590 
-9.356 
1422023373.977935884031467
1.39954153871961036425
aro  
300  
12   
600.000   
0.000000 0.00000
-1.474873564713816140379736008281e-10
-3.638928186263953477897839798756e-03
1.765872295519474688440790292336e-08
1.656505841084732414904736817630e-10
2.770956977853315342852201829572e-14
-1.561318921060860636985218133211e-16
-1.900711439216385552229299322923e-20
-8.876999560650034445620981165285e-23
5.070848880552927767649395894776e-26
4.713784114087807343943586231459e-27
-4.526326142234062337415720424852e-31
-4.777461133301077889297971400179e-32
TEMPO2: POLYCO TEMPO1 emulation
B0329+54  
25-Apr-18
50000.00   
58233.20833333330000058936
26.7642616355            
0.4294659 
-9.208 
1422048564.639866773504764
1.39954153871961036425
aro  
300  
12   
600.000   
0.000000 0.00000
9.330327736953882001007948288063e-10
-3.586921793207666109856799480093e-03
1.404253450784504255061964569433e-07
6.683670845060618782518503469455e-11
-1.680750622655348208539213113778e-13
-6.636423318843082011473210057705e-17
1.077173508861262190429983863169e-19
2.187619438855142442462432333925e-22
-3.051914331965124030066270205655e-26
-6.933809445525976548964467905108e-27
-6.767394786563690693536097545701e-31
9.583310606647871009933664731531e-32
TEMPO2: POLYCO TEMPO1 emulation
B0329+54  
25-Apr-18
140000.00  
58233.58333333330000058936
26.7642625177            
0.4158683 
-9.175 
1422093907.885802861535922
1.39954153871961036425
aro  
300  
12   
600.000   
0.000000 0.00000
1.101434203832546655457978778195e-09
-3.479325538492673306789659034427e-03
-7.627211412826254469578478382374e-09
-1.553716965212355221962826454722e-10
6.820613784961719658338246504853e-14
1.445916217156497325942068542803e-16
-3.125237519104183500940229154361e-20
2.390768447381232491296683835959e-22
-5.351105284250444716613484994547e-25
-1.030087641614568120349897321874e-26
8.497476172910854614401994434051e-30
1.298415648310213239108791429875e-31
TEMPO2: POLYCO TEMPO1 emulation
B0329+54  
25-Apr-18
190000.00  
58233.79166666660000117872
26.7642630012            
0.4191896 
-9.375 
1422119098.585685479338281
1.39954153871961036425
aro  
300  
12   
600.000   
0.000000 0.00000
-9.608493254864250459517174829394e-11
-3.513402011014395851442397556395e-03
-7.875083145218673659495421732018e-08
2.071255674842617958753002760504e-11
1.817811453733047419355463246527e-13
-1.674914809891304884347287893930e-17
-1.106337668295162031665786835068e-19
-1.980442740679510615120971449384e-22
-1.772379401845250236861599430564e-25
6.162687903031858379755075813551e-27
3.333356655470548066714974735886e-30
-6.526647207990921798512410434341e-32
TEMPO2: POLYCO TEMPO1 emulation
B0329+54  
25-Apr-18
0.00       
58233.99999999990000176808
26.7642634786            
0.4210269 
-9.304 
1422144289.274174673366360
1.39954153871961036425
aro  
300  
12   
600.000   
0.000000 0.00000
5.922169881855341211010631749523e-10
-3.537796852569509065716376792175e-03
1.988923602600522235420245956783e-08
1.660770669799251548848269320958e-10
2.463664113014093102790962166300e-14
-1.596321834330936645590831377202e-16
-1.932408463544369250682323152706e-20
1.689522087024701096509473239421e-22
9.707709010879449137501981086203e-26
-5.009111997108782764676175371641e-27
-8.995161983839498777504730873546e-31
8.757232794974260967465824202885e-32
TEMPO2: POLYCO TEMPO1 emulation
B0329+54  
26-Apr-18
50000.00   
58234.20833333330000058936
26.7642639616            
0.4173210 
-9.135 
1422169479.966632022871636
1.39954153871961036425
aro  
300  
12   
600.000   
0.000000 0.00000
9.897749309166697936706279248309e-10
-3.484665492445225617532534971577e-03
1.414706159239876294666514048898e-07
6.417656017861776412547504141516e-11
-1.691485999665513858003370214118e-13
-6.322816710201350381505867536430e-17
8.773102860289257403479657413640e-20
1.822226032395366230025933648835e-22
9.633752524821524022441393269763e-25
-5.839355328248723944345647902845e-27
-1.674117697116178743224920442407e-29
8.388693923752176331333548567584e-32
TEMPO2: POLYCO TEMPO1 emulation
B0329+54  
26-Apr-18
140000.00  
58234.58333333330000058936
26.7642648503            
0.4038214 
-9.229 
1422214823.267688607214950
1.39954153871961036425
aro  
300  
12   
600.000   
0.000000 0.00000
-8.679866933360069589339686087215e-10
-3.377950564530393723359152436184e-03
-9.184696094310220059649300033589e-09
-1.542809278213977088426150980016e-10
7.144303001843355468028367504823e-14
1.441566614004004138372109441343e-16
-6.821000589324465374690483312220e-20
2.140235780052002724493065962873e-22
9.718221209608586030158114002432e-25
-1.017365260801296160506865179343e-26
-1.410663865917648146817203083962e-29
1.364484920282247782817524098562e-31
TEMPO2: POLYCO TEMPO1 emulation
B0329+54  
26-Apr-18
190000.00  
58234.79166666660000117872
26.7642653371            
0.4071349 
-9.338 
1422240013.997893036925234
1.39954153871961036425
aro  
300  
12   
600.000   
0.000000 0.00000
-1.927549775137023252294735109480e-10
-3.412416639117395793987631098451e-03
-7.822141408385267821340084750058e-08
2.356772725237319817823091274650e-11
1.815050942162834678875944977177e-13
-1.924070567519394581639841975822e-17
-1.253153946698757214719092697749e-19
-2.487628551738530596768560586344e-22
5.329609687587033122533835179777e-25
9.459647304120942712534751647915e-27
-8.962304341599386466191969630176e-30
-1.294194955561503905246026177568e-31
TEMPO2: POLYCO TEMPO1 emulation
B0329+54  
26-Apr-18
0.00       
58234.99999999990000176808
26.7642658176            
0.4089008 
-9.213 
1422265204.716793079511262
1.39954153871961036425
aro  
300  
12   
600.000   
0.000000 0.00000
-1.006620297645314660299909609309e-09
-3.435868299002205926609597387740e-03
2.211791324123296101340652889945e-08
1.664550497325871258905471849455e-10
2.165441669363492142161569062405e-14
-1.623452912042624145262480846197e-16
-3.962369366696386352739434093571e-20
2.786538061174540258584712965517e-22
1.267533965144970467341221004517e-24
-5.817442643498073646093308393230e-27
-2.110741546016847614142814544525e-29
5.596022154463010740246073488715e-32
TEMPO2: POLYCO TEMPO1 emulation
B0329+54  
27-Apr-18
50000.00   
58235.20833333330000058936
26.7642663035            
0.4050815 
-9.301 
1422290395.440014619030990
1.39954153871961036425
aro  
300  
12   
600.000   
0.000000 0.00000
1.511804064569689792915316295385e-10
-3.381625145603479963589131401976e-03
1.424789716347757863347718761036e-07
6.147844320952448578917658328707e-11
-1.704576277350066892576642069218e-13
-5.632742705116724200479056970787e-17
1.043484902709730849030453519287e-19
-1.406346126826696518033398348016e-22
1.955319480006304616664813371507e-25
4.760770588674460321336846074733e-27
-3.768471736713601684562027580541e-30
-4.423479331730663470694858906794e-32
