TEMPO2: POLYCO TEMPO1 emulation
B0329+54  
16-Aug-18
63000.00   
58346.27083333330000058936
26.7641844745            
-0.7992062
-8.931 
1435720504.162408291012980
1.39954153871961036425
aro  
300  
12   
600.000   
0.000000 0.00000
-1.476115109631606427288827085298e-09
6.723630286084828408081366223764e-03
-3.188704908861619173896744982270e-08
-1.572119281802159692105116509597e-10
6.444834104556364614002517551413e-14
1.572585736284684080798366771628e-16
-9.146566969357043829522065444444e-20
-5.650031894582926667370974427104e-22
2.359180389387889729761556053324e-24
1.564691165224501845686053347831e-26
-3.788404089564482150647320180831e-29
-1.800064763221394018476672940657e-31
TEMPO2: POLYCO TEMPO1 emulation
B0329+54  
16-Aug-18
113000.00  
58346.47916666660000117872
26.7641842989            
-0.7939703
-9.110 
1435745697.920917083742097
1.39954153871961036425
aro  
300  
12   
600.000   
0.000000 0.00000
-4.059430194551710347535683487408e-11
6.674151013289059393211418488162e-03
-1.062424456834878922119514316104e-07
1.634596334457453402142570288077e-11
1.823554557320832304317396989805e-13
-2.047138989260183925399062504282e-17
-1.112442742900396433538160561411e-19
3.283488264016378593659943006812e-22
-2.285271204409888172395005297363e-25
-9.594500792016322165511357277382e-27
4.286346976540051298642066190535e-30
1.024736440928169116075516883287e-31
TEMPO2: POLYCO TEMPO1 emulation
B0329+54  
16-Aug-18
163000.00  
58346.68749999990000176808
26.7641841254            
-0.7901110
-9.002 
1435770891.663092329981737
1.39954153871961036425
aro  
300  
12   
600.000   
0.000000 0.00000
-1.562801250637358384593307049359e-09
6.632276971212374526606881611906e-03
-1.032543929081152691494292008827e-08
1.652785202950650731619553402853e-10
2.895240475175373237228041363892e-14
-1.612916752271183211688142861134e-16
-2.863625748424702068234998545411e-21
3.579946368767705198128110251662e-22
-6.052397043445222961153605242022e-25
-1.240484037972333116092612618028e-26
9.696469558460474299716595997632e-30
1.964689073616627291978950996185e-31
TEMPO2: POLYCO TEMPO1 emulation
B0329+54  
16-Aug-18
213000.00  
58346.89583333330000058936
26.7641839491            
-0.7917203
-8.949 
1435796085.403866825159639
1.39954153871961036425
aro  
300  
12   
600.000   
0.000000 0.00000
-3.416182401571419023416850691000e-11
6.667534818006164457265328490004e-03
1.128018064980391462049413293595e-07
6.787182452661831958254162430007e-11
-1.676405311135606185409943464691e-13
-7.189844014789257612866840937760e-17
1.173179599730999831878317681923e-19
6.231782398803326683979450059788e-22
-3.339098587754352365676865812315e-25
-2.297456626872718596735600599967e-26
1.944066096719395855295032356222e-30
3.296039802024278461170598493591e-31
TEMPO2: POLYCO TEMPO1 emulation
B0329+54  
17-Aug-18
63000.00   
58347.27083333330000058936
26.7641836292            
-0.8018471
-9.039 
1435841434.179306589183398
1.39954153871961036425
aro  
300  
12   
600.000   
0.000000 0.00000
1.109537854703627323272718124825e-10
6.746035877080562731318189809843e-03
-3.440974133401301409146166936768e-08
-1.561045850978653092612609707254e-10
6.703245729195032805113440415363e-14
1.435553181338003066396629793897e-16
-4.713210382500832238130316314013e-20
3.437532399991676356876583304127e-22
7.478930630704617602075335140379e-26
-1.291008595031996756387809027292e-26
8.624541267250395894697679299633e-31
1.434434895458511450653497270984e-31
TEMPO2: POLYCO TEMPO1 emulation
B0329+54  
17-Aug-18
113000.00  
58347.47916666660000117872
26.7641834574            
-0.7965501
-8.955 
1435866627.944358067587018
1.39954153871961036425
aro  
300  
12   
600.000   
0.000000 0.00000
-2.057541597781730316268303943028e-09
6.695575275138641423008982423923e-03
-1.067065727558942784799769217801e-07
1.916599367708131037999755974561e-11
1.819747970465918150189195003545e-13
-1.642982182112771558773521177231e-17
-1.170962674719866574016129745745e-19
-6.444250038907336711982521001610e-23
2.904709305837768303346377165068e-25
-4.676632325761980770767809216313e-28
-5.810727911431601660409005967167e-30
4.383964576582719190133600692091e-32
TEMPO2: POLYCO TEMPO1 emulation
B0329+54  
17-Aug-18
163000.00  
58347.68749999990000176808
26.7641832878            
-0.7926938
-8.992 
1435891821.692987159476615
1.39954153871961036425
aro  
300  
12   
600.000   
0.000000 0.00000
4.274232962027566492106711061594e-10
6.654058101721462766426360216365e-03
-9.047550356918097344114615789249e-09
1.657102312907782817652004526194e-10
2.608419453180418327623035698320e-14
-1.606851249398839996949911158002e-16
-2.420072300398693207189446714993e-20
2.463282642866077269844962394079e-22
4.852454843657079041197808320222e-25
-7.057613345825042823629229652697e-27
-9.888922385128698588567622883710e-30
1.048068786555034719951356529416e-31
TEMPO2: POLYCO TEMPO1 emulation
B0329+54  
17-Aug-18
213000.00  
58347.89583333330000058936
26.7641831153            
-0.7943478
-8.923 
1435917015.440398073289543
1.39954153871961036425
aro  
300  
12   
600.000   
0.000000 0.00000
-6.724199966959983111873706829176e-10
6.689876472771715758005542807468e-03
1.129142634227424247454893407129e-07
6.520194520869408774673314017239e-11
-1.685300589069268205856313691846e-13
-6.449395823587670746451977764506e-17
8.253696166891980847367666563730e-20
2.400102743531560348690137395794e-22
9.821637652162592111868493676931e-25
-9.259459367796348623590177736035e-27
-1.377050106926584583432318747993e-29
1.460171052252725102863178040693e-31
